11041468 8111411868 8131101118, iii

’126Η62
634 666826656511645465544
637 12129244

2717 344 75444

32215211 comedere 2924422621
ejus 2262825254·

411111,292441ι111.”

6441 729222111695 62211121,,29
0222211122 53 2924579222,
5121153 2259, xix. 1944

2 2292 2244
64 118 2921344
- 2241
31112221 292 22162244
654 1622221222· 4562322124
262322121525224 45111212212121”
658 1412 29221254
659 1612121292622122144
2129216221112112221229244-(12
22112112”

311292441244
4334444 ⁵”
5362122912 4466342616
6112921244
712 2991144
662 1 1411182611629826626221661,
664 46492444 44641
665 112111112259255 4122116244
21222244 955
3553444 5”
ΜιεΜΗς
219222441844
34534444 4544455

44 1223542, ,,,1
etp. 11515111. 3, 1244

8412964442

683 662661666664444444221212244
211123-5425292 4111112544
311214222 41111.”

61Ή2422

686 16222446414
2528295244 2744
31221111312559244 1121113244

688 11142ιῃ62964444441126261ι1
229, 262924 26, 2944
Q1m-QW“mmm”
456536 34444 45 5 ·
692 1856411615 9626566629244449122622421

691 1 uc 9124 4252934

692 116 29944 51554
311167624111121
4 lxxii. 14 292 4412255 844

69⁷ Ι ἔθνη. 9ω554ξ121355555555

⁷0¹ 62661661266924462626212144
3 111. 222 441234

722 ullis 9264411244 55 55

704 66ἓ4824ἶὸ26644412ᾚ4641ξ44
3 metutam 222446232212144
4 62322121 pro “mercatores'’

4 725 1621212122224421232212144

221 212924 4621221212144
726 11121 29244”1211221

2 12-1529941415,1644

, 727 1 damnatorum 292 4442262226

3621266162924 462216222244
676 1252924 45435
212 292 1144
1922217544
⁶⁷⁷ marona?
smmWJQ
681 11211. 22254 4111151134
213 292 615444
222

728 1222222299444112242

711 1112111111 292 1122122144

712 1186616666 ξ48221114
2266292566 2924421 adduxe·

713 1612222224444121122
9⁶¹⁶mumm“3½mn
719 13116, 3‘·4”
722 66665563866066644 ‘subsequente

721 1966261294 4921221144
44434444 4344

 

